ID;Survey Type;Treatment;response_id;Last page;Test_1_1;Test_1_2;Test_1_3;PANAS_1_1;PANAS_1_2;PANAS_1_3;PANAS_1_4;PANAS_1_5;PANAS_1_6;PANAS_1_7;PANAS_1_8;PANAS_1_9;PANAS_1_10;PANAS_1_12;PANAS_1_13;PANAS_1_14;PANAS_1_15;PANAS_1_16;PANAS_1_17;PANAS_1_18;PANAS_1_19;PANAS_1_20;donation_game_1;PANAS_2_1;PANAS_2_2;PANAS_2_3;PANAS_2_4;PANAS_2_5;PANAS_2_6;PANAS_2_7;PANAS_2_8;PANAS_2_9;PANAS_2_10;PANAS_2_12;PANAS_2_13;PANAS_2_14;PANAS_2_15;PANAS_2_16;PANAS_2_17;PANAS_2_18;PANAS_2_19;PANAS_2_20;warm_glow_1;Test_2_1;Test_2_2;Test_2_3;PANAS_3_1;PANAS_3_2;PANAS_3_3;PANAS_3_4;PANAS_3_5;PANAS_3_6;PANAS_3_7;PANAS_3_8;PANAS_3_9;PANAS_3_10;PANAS_3_12;PANAS_3_13;PANAS_3_14;PANAS_3_15;PANAS_3_16;PANAS_3_17;PANAS_3_18;PANAS_3_19;PANAS_3_20;donation_game_2;PANAS_4_1;PANAS_4_2;PANAS_4_3;PANAS_4_4;PANAS_4_5;PANAS_4_6;PANAS_4_7;PANAS_4_8;PANAS_4_9;PANAS_4_10;PANAS_4_12;PANAS_4_13;PANAS_4_14;PANAS_4_15;PANAS_4_16;PANAS_4_17;PANAS_4_18;PANAS_4_19;PANAS_4_20;warm_glow_2;test_3_1;test_3_2;test_3_3;PANAS_5_1;PANAS_5_2;PANAS_5_3;PANAS_5_4;PANAS_5_5;PANAS_5_6;PANAS_5_7;PANAS_5_8;PANAS_5_9;PANAS_5_10;PANAS_5_12;PANAS_5_13;PANAS_5_14;PANAS_5_15;PANAS_5_16;PANAS_5_17;PANAS_5_18;PANAS_5_19;PANAS_5_20;donation_game_3;PANAS_6_1;PANAS_6_2;PANAS_6_3;PANAS_6_4;PANAS_6_5;PANAS_6_6;PANAS_6_7;PANAS_6_8;PANAS_6_9;PANAS_6_10;PANAS_6_12;PANAS_6_13;PANAS_6_14;PANAS_6_15;PANAS_6_16;PANAS_6_17;PANAS_6_18;PANAS_6_19;PANAS_6_20;warm_glow_3;unicef;Gender;Country;Age;Program;Semester_number;FEE;Beauty Context;Dictator Game;Prisoner's Dilemma;Ultimatum Game;Centipede Game;Experiment_experience;Experiment_design;Experiment_analysis;Mann-Whitney U Test;Wilcoxon Rank-Sum Test;Fischer's Exact Test;Chi-Squared Test;Binomial Test;Other's;Linear Regression Model;Probit Model;Logit Model;Tobit Model
AG61;class;b;19;16;3;6;10;5;4;4;3;5;5;5;3;5;4;3;1;1;1;1;3;3;3;3;5;5;4;4;3;4;5;5;4;5;5;3;1;1;1;1;3;2;3;3;5;5;7;1;5;5;4;4;4;5;5;3;5;5;2;1;1;1;2;2;2;3;2;5;5;5;5;4;5;3;4;5;5;5;2;1;1;1;3;5;2;2;3;5;8;6;7;5;4;4;3;4;5;5;4;4;4;1;1;1;1;1;2;2;3;3;5;4;4;5;3;4;5;5;4;5;5;2;1;1;1;2;3;3;2;5;5;5;Female;Nigeria;27;EBGO;4;Yes;1;1;1;1;1;Yes;No;No;0;0;1;0;0;0;0;0;0;0
AI60;class;b;21;16;3;6;10;3;4;4;3;2;5;4;3;4;5;3;2;2;2;3;2;2;3;3;3;3;4;3;4;3;5;4;3;4;5;3;2;2;3;2;2;2;3;3;3;5;7;1;3;3;2;4;3;4;2;3;4;5;3;2;2;3;2;2;2;2;2;3;3;3;2;4;3;4;4;3;4;5;3;2;2;3;2;2;2;3;2;3;2;7;3;3;4;3;4;3;4;4;3;4;5;2;2;2;3;2;2;2;3;3;3;3;4;3;3;3;4;3;3;4;5;3;2;2;2;2;2;2;3;3;3;4;Male;Morocco;24;EBGO;3;No;0;0;0;1;0;Yes;Yes;Yes;0;0;0;0;0;0;0;0;0;0
AR64;class;a;22;16;3;6;10;4;5;4;3;4;5;4;4;4;4;2;3;1;3;3;2;1;3;3;5;4;4;4;3;3;3;3;4;3;3;2;1;1;1;1;1;1;1;2;4;5;7;1;4;5;4;4;4;5;5;3;4;4;1;1;1;1;2;1;1;2;3;5;3;4;4;3;3;3;3;2;3;3;2;1;1;1;1;1;1;2;2;3;8;1;7;3;4;4;4;4;4;4;3;4;4;2;2;1;1;2;1;1;2;2;5;3;3;3;3;3;3;2;1;2;3;1;1;1;1;2;1;1;2;2;3;4;Male;Nigeria;31;EBGO;4;No;0;1;0;1;0;Yes;No;No;0;0;0;1;1;0;1;1;1;0
AS68;class;b;13;16;3;6;10;4;4;4;5;5;5;4;;5;5;1;2;1;1;3;1;2;2;4;10;5;5;5;5;4;4;4;5;5;5;1;1;1;2;3;2;3;2;2;5;5;3;1;5;4;5;5;5;4;5;4;4;4;1;1;2;2;2;2;2;3;2;9;5;4;4;5;4;5;4;4;5;5;2;1;1;3;3;2;2;3;3;3;8;7;3;5;5;;4;5;4;5;4;;4;2;2;2;2;3;1;1;2;1;10;4;4;5;5;5;4;4;4;5;4;2;2;4;1;1;1;1;1;2;5;4;Male;India;23;EBGO;3;Yes;1;1;1;1;1;No;No;Yes;1;0;1;0;0;0;1;0;0;0
BE59;class;a;25;16;3;6;10;3;5;3;2;3;4;4;2;3;5;;4;1;4;2;1;1;3;2;10;5;4;5;5;4;5;4;5;5;4;3;1;1;5;1;1;1;1;1;5;5;7;1;4;5;2;2;4;4;3;3;3;5;2;1;1;3;1;1;1;1;1;0;5;5;5;5;5;5;5;4;4;5;3;1;1;1;1;1;1;1;1;3;2;7;3;3;5;3;3;4;4;4;3;3;5;4;1;1;3;1;1;1;1;1;10;5;5;5;5;5;5;5;5;5;5;1;1;1;4;1;1;1;1;1;5;5;Male;Morocco;27;EBGO;5;Yes;1;1;1;1;1;Yes;Yes;No;0;0;0;0;0;0;0;0;0;0
BE63;class;a;16;16;7;10;10;;4;3;3;3;4;3;4;3;3;3;2;3;4;4;3;2;3;3;10;;3;3;4;3;4;2;3;3;2;2;1;2;4;2;2;2;4;4;5;5;7;1;;4;3;4;3;3;2;4;3;2;3;3;3;4;3;3;3;4;3;1;;3;3;4;2;4;2;3;2;2;2;2;2;3;2;2;2;4;4;5;2;7;3;;3;3;4;3;4;2;4;3;2;3;3;3;4;3;3;3;4;3;10;;3;3;4;2;4;2;3;2;2;2;3;2;4;2;2;2;4;4;5;4;Male;Germany;25;NAWI;4;No;0;1;1;0;0;No;Yes;Yes;1;0;0;1;1;0;1;0;0;0
BR57;class;a;27;16;2;6;4;3;3;4;4;4;4;3;3;;4;2;2;1;4;4;2;1;2;3;5;3;3;2;4;4;5;4;3;3;4;3;1;1;3;;1;1;1;1;3;7;5;10;2;3;3;3;3;3;3;4;3;3;1;1;1;3;1;1;1;1;2;6;3;3;2;1;1;1;1;3;3;3;1;1;1;1;1;1;1;1;1;1;2;7;8;3;3;3;4;2;3;3;3;3;3;3;2;1;1;1;1;1;1;2;7;2;1;1;1;1;1;1;1;;3;1;1;1;1;1;1;1;1;1;3;2;N/a;;;N/a;;;;;;;;;;;;;;;;;;;;
CH44;class;b;22;16;3;6;0;3;4;3;3;3;5;4;4;4;3;3;1;1;2;5;1;1;5;3;3;3;3;3;3;3;4;4;5;4;4;3;1;1;4;1;3;1;4;3;3;9;5;10;4;4;4;3;3;4;4;4;4;4;3;1;1;3;3;1;1;3;3;3;4;4;4;3;3;4;4;4;4;4;3;1;1;3;2;1;1;1;2;3;2;1;8;2;4;3;2;2;2;4;4;3;4;2;1;1;4;4;1;;4;4;3;2;4;3;3;3;4;4;4;4;4;2;1;1;2;2;1;1;2;3;2;3;Male;Nigeria;38;EBGO;3;No;0;1;0;1;0;Yes;No;No;0;0;0;0;0;0;1;0;0;0
FA50;class;a;28;16;3;6;10;4;5;4;3;2;5;3;5;4;5;4;1;1;3;2;1;1;2;2;5;4;3;4;3;2;3;2;5;3;5;3;1;1;1;1;1;1;2;1;5;5;7;1;4;4;4;3;2;5;2;5;3;5;2;1;1;2;1;1;1;2;2;5;3;2;3;2;2;3;2;5;2;5;3;1;1;2;1;1;1;1;1;4;2;7;3;3;2;2;2;2;2;1;5;2;5;2;1;1;1;1;1;1;1;1;5;3;2;2;2;2;3;2;5;2;5;1;1;1;1;1;1;1;1;1;4;4;N/a;;;N/a;;;;;;;;;;;;;;;;;;;;
FJ68;class;a;23;16;3;6;10;4;3;3;3;3;4;4;2;4;3;4;2;3;5;3;2;2;3;4;0;4;4;4;1;1;2;1;3;2;3;5;2;1;3;3;1;1;4;4;5;5;7;1;3;3;3;3;3;4;2;2;2;3;4;2;2;3;3;2;2;4;3;0;5;5;4;1;1;4;1;3;1;3;5;1;1;3;3;1;1;3;3;5;2;7;3;3;3;3;3;2;3;3;3;3;3;3;3;3;3;3;3;3;3;3;0;4;4;4;1;1;3;1;3;1;3;5;1;1;1;1;1;1;1;1;5;;N/a;;;N/a;;;;;;;;;;;;;;;;;;;;
FL47;class;b;12;16;3;6;4;4;5;5;2;3;5;4;4;3;5;5;5;4;4;4;2;3;4;3;3;4;5;5;3;3;5;5;4;4;5;4;4;3;2;4;3;2;4;2;5;5;3;1;4;5;4;4;3;5;4;4;4;5;2;3;3;3;2;2;3;3;4;3;4;4;4;3;2;4;4;4;4;5;2;3;3;2;4;3;3;4;3;4;2;1;3;4;5;4;2;2;5;5;4;3;5;2;3;3;4;4;3;3;4;2;3;4;4;4;2;2;5;4;4;4;5;2;3;3;4;3;3;3;4;4;4;4;N/a;;;N/a;;;;;;;;;;;;;;;;;;;;
HA99;class;a;26;16;3;7;0;3;4;;5;4;3;3;3;2;2;3;2;3;3;;2;3;3;3;10;2;2;;2;4;2;4;4;2;4;2;4;2;4;4;4;2;2;4;4;7;7;4;;;;;;;;;;;;;;;;;;;;8;3;3;3;3;2;2;3;;3;2;4;2;4;2;4;2;;;4;3;10;1;3;4;4;3;4;2;2;3;4;;;;1;3;3;4;4;2;;1;8;1;3;2;4;3;4;;1;3;;3;2;;4;2;4;;5;;4;2;Male;India;23;EBGO;3;Yes;1;1;1;1;1;Yes;No;No;0;0;0;1;0;0;1;1;1;0
JO55;class;a;21;16;3;6;4;5;5;4;5;5;5;5;3;5;4;3;2;2;3;2;1;1;1;1;6;5;5;5;5;5;5;5;3;5;5;2;1;1;1;2;1;1;1;1;5;5;7;1;5;5;5;5;5;5;5;3;5;5;2;2;1;1;1;1;1;1;1;6;5;5;5;5;5;5;5;2;5;5;1;1;1;1;1;1;1;1;1;5;8;1;7;5;5;5;5;5;5;5;;5;5;1;1;1;1;1;1;1;1;1;7;5;5;5;5;5;5;5;2;5;5;1;1;1;1;1;1;1;1;1;5;4;Male;Nigeria;34;EBGO;3;Yes;1;1;1;1;1;No;No;Yes;0;0;1;1;1;0;1;1;1;1
MA50;class;b;17;16;7;6;10;4;5;2;3;3;3;3;3;4;4;1;1;1;1;;1;1;1;1;5;3;1;1;1;1;4;3;3;3;3;1;1;1;1;1;1;1;1;1;4;5;7;1;3;4;2;3;3;3;3;4;4;4;1;1;1;1;1;1;1;1;1;0;2;1;1;1;1;3;2;2;2;3;1;1;1;1;1;1;1;1;1;3;2;7;3;4;5;2;2;3;4;4;4;4;4;1;1;1;1;1;1;1;1;1;10;3;1;1;2;2;3;3;4;4;3;1;1;1;1;1;1;1;1;1;5;5;N/a;;;N/a;;;;;;;;;;;;;;;;;;;;
MA60;class;b;26;16;3;6;10;5;5;5;4;4;;2;2;3;3;5;2;2;1;2;1;1;5;5;10;5;4;;2;2;;2;1;2;;5;1;1;3;1;1;1;1;4;5;5;7;1;1;1;5;1;1;;1;1;1;2;5;1;1;1;1;1;1;1;5;10;2;1;1;1;1;;1;1;1;1;5;1;1;1;1;1;1;1;4;5;2;7;3;5;5;5;3;4;;2;3;;3;5;1;2;1;1;1;1;5;5;8;1;2;5;1;1;;1;2;1;2;3;1;1;1;1;1;1;5;5;5;3;Female;Azerbaijan;36;EBGO;3;No;0;1;1;1;0;No;No;No;0;0;0;0;0;0;0;0;0;0
MA61;class;b;16;16;7;6;10;4;4;3;4;4;4;3;1;4;3;2;1;1;2;1;1;1;4;2;6;4;3;3;2;4;2;1;1;4;1;1;1;1;1;1;1;1;2;2;4;5;7;1;3;3;2;2;3;3;3;1;3;1;1;1;1;1;1;1;1;1;1;1;3;3;1;3;3;3;3;4;3;2;1;1;1;1;1;1;1;1;1;2;2;7;3;4;4;2;3;4;4;4;1;3;1;2;1;1;1;2;1;1;1;1;10;3;3;4;4;;4;3;3;3;1;1;1;1;1;1;1;1;1;2;4;5;N/a;;;N/a;;;;;;;;;;;;;;;;;;;;
MA71;class;a;19;16;3;6;10;3;4;3;3;2;2;3;2;5;2;2;3;4;2;2;2;1;2;1;5;1;2;3;3;3;3;4;1;5;2;1;3;3;2;2;2;3;2;2;3;5;5;4;1;3;3;5;3;2;2;2;2;1;1;4;1;1;1;1;2;1;4;2;4;2;2;1;2;3;5;3;1;4;2;5;2;2;1;1;3;2;5;2;2;1;3;1;4;5;3;4;4;3;5;3;4;4;3;5;3;4;5;;4;3;5;1;2;3;4;4;4;1;5;5;4;4;4;2;1;4;3;2;5;3;3;5;N/a;;;N/a;;;;;;;;;;;;;;;;;;;;
MA95;class;b;11;16;3;6;10;3;4;1;3;3;2;2;3;2;3;1;2;2;5;5;1;1;5;1;10;2;2;1;1;1;1;1;2;1;1;1;1;1;4;4;1;1;1;1;3;5;7;1;2;3;1;2;3;1;2;3;2;3;1;3;3;4;5;1;1;4;1;5;2;3;1;3;3;1;2;3;2;3;1;3;3;4;5;1;1;5;1;3;2;7;3;2;3;1;3;3;1;3;3;2;3;1;2;3;4;5;1;1;4;1;5;2;1;1;1;1;1;1;1;1;1;1;1;3;1;4;1;1;1;1;3;4;Female;Germany;27;NAWI;2;No;0;1;1;1;0;No;No;No;0;0;0;0;0;0;1;0;0;0
MS22;class;b;15;16;2;6;0;1;1;3;3;2;2;2;;;3;4;4;4;2;4;4;4;5;4;5;;;;;;;;;;;;;;;;;;;;3;5;3;1;;;;;;;;;;;;;;;;;;;;5;;;;;;;;;;;;;;;;;;;;;2;7;3;;;;;;;;;;;;;;;;;;;;5;4;;;;;;;;;;;;;;;;;;;;3;N/a;;;N/a;;;;;;;;;;;;;;;;;;;;
MS97;class;a;15;16;2;6;4;2;2;2;2;2;2;2;2;2;2;2;1;2;2;2;1;1;1;2;2;2;2;2;2;2;2;2;2;2;2;2;1;2;2;2;2;1;1;2;1;5;3;4;2;2;2;2;2;2;1;1;1;1;1;1;1;1;2;1;1;1;1;2;2;1;1;2;2;1;2;1;2;1;2;2;2;2;1;1;1;1;1;1;2;6;3;;;;;;;;;;;;;;;;;;;;2;;;;;;;;;;;;;;;;;;;;;;N/a;;;N/a;;;;;;;;;;;;;;;;;;;;
OU92;class;b;20;16;3;6;10;3;5;;3;3;4;3;4;4;5;2;4;4;4;5;4;4;4;4;5;4;4;3;4;4;4;4;4;4;4;1;2;2;2;2;2;2;1;1;5;5;7;1;4;5;4;4;3;4;4;3;4;5;4;4;4;4;4;4;4;4;4;5;4;4;4;4;4;4;4;4;4;4;2;1;1;1;1;1;1;1;1;5;2;7;3;4;5;4;;4;4;;1;4;5;1;4;4;4;4;4;4;4;4;5;4;4;1;4;4;4;4;4;4;4;1;1;1;1;1;1;1;1;1;5;;Female;Morocco;30;EBGO;3;No;1;1;1;0;0;Yes;No;No;0;0;0;0;1;0;1;0;0;0
PA62;class;a;14;16;3;6;10;1;1;1;1;1;1;1;1;1;1;;;;;;;;;;10;1;1;1;1;1;1;1;1;1;1;;;;;;;;;;5;5;3;1;;5;5;5;5;5;5;5;5;5;;;;;;;;;;1;5;5;5;5;5;5;5;5;5;5;;;;;;;;;;5;2;7;3;5;5;5;5;5;5;5;5;5;5;;;;;;;;;;1;5;5;5;5;5;5;5;5;5;5;;;;;;;;;;5;5;Male;Bangladesh;26;EBGO;6;No;1;1;1;1;1;Yes;No;No;1;0;0;0;0;0;1;0;0;0
PE54;class;a;13;16;3;6;10;4;5;3;4;4;3;3;3;3;2;3;4;4;3;4;3;3;;4;5;5;5;5;3;3;3;3;3;4;3;3;1;1;1;1;1;1;;1;3;5;7;1;4;5;3;4;4;;3;3;4;3;3;4;4;3;4;3;3;;3;1;2;2;2;1;2;;1;1;1;1;1;1;1;2;1;1;1;;1;3;2;7;3;3;4;3;4;4;;3;3;4;3;3;4;4;;4;3;3;;3;5;2;1;1;1;1;1;1;1;1;1;1;1;1;;1;1;1;;1;3;4;Female;Germany;27;NAWI;3;No;0;1;1;1;;Yes;No;No;0;0;0;0;0;0;0;0;0;0
RA69;class;a;11;16;3;6;10;3;1;1;1;2;;1;;1;;;;4;2;3;3;3;2;;3;1;2;2;1;1;1;2;2;2;3;;;;;;;;;;1;5;7;1;1;1;;;;2;2;;;;;;2;1;1;;;;;3;2;1;;1;;2;;;;;;1;;;;;;;;;2;7;3;1;1;;1;;;;;2;;;;;;;;;;;3;1;1;2;1;;2;;;;;;;;;;;;;;;3;Male;Bangladesh;29;EBGO;2;No;1;0;1;1;0;No;No;No;0;0;0;1;1;0;0;0;0;0
SH65;class;a;29;16;3;6;10;5;5;5;3;3;4;4;4;4;5;2;2;1;1;1;1;1;1;1;7;5;5;5;5;5;5;5;5;5;5;1;1;1;1;1;1;1;1;1;5;5;7;1;5;5;5;5;5;5;5;5;5;5;1;1;1;1;1;1;1;1;1;10;1;1;1;1;1;1;1;1;1;1;5;5;5;5;5;5;5;5;5;1;8;1;7;1;1;1;1;1;1;1;1;1;1;5;5;5;5;5;5;5;5;5;10;1;1;1;1;1;1;1;1;1;1;5;5;5;5;5;5;5;5;5;1;1;N/a;;;N/a;;;;;;;;;;;;;;;;;;;;
SH70;class;a;20;16;3;7;4;4;4;4;5;4;3;3;3;4;3;;;;;3;;;;;3;;5;;5;;;;;;;;;;4;;;;;;3;5;3;4;;;3;;;4;;;;;;;;;;;;;;3;;5;;;;4;;;;;;;;;;;;;;3;2;1;3;;;;4;;;;4;;;;;;;;;;;;3;;;;5;;;;4;;;;;;;;;;;;3;4;N/a;;;N/a;;;;;;;;;;;;;;;;;;;;
SO97;class;a;17;16;7;6;0;3;3;4;1;1;2;2;2;2;1;1;;;;;;;;1;5;2;2;1;1;1;1;1;;1;;;;;;;;;;;5;5;5;1;2;2;2;1;1;;;;;;;;;;;;;;;5;2;2;2;;;;;;;;;;;;;;;;;;8;6;3;;;;;;;;;;;;;;;;;;;;5;;;;;;;;;;;;;;;;;;;;;3;N/a;;;N/a;;;;;;;;;;;;;;;;;;;;
XO60;class;b;14;16;7;10;10;3;4;4;4;4;4;4;3;3;3;2;1;2;5;3;3;2;2;4;10;4;3;3;2;2;2;3;2;5;5;1;1;1;1;1;3;3;2;3;3;5;3;1;2;3;3;3;2;3;2;3;3;3;1;1;1;1;1;2;1;2;3;10;3;3;3;3;3;3;3;2;3;3;1;1;1;1;1;2;2;3;2;3;2;1;3;3;3;3;3;3;3;2;3;3;4;1;1;1;3;2;3;2;2;3;10;3;3;2;3;3;3;3;3;3;2;1;1;1;1;1;1;1;1;2;5;5;N/a;;;N/a;;;;;;;;;;;;;;;;;;;;
ZA43;class;a;18;16;3;6;10;4;3;3;4;4;4;4;2;4;5;1;1;1;3;3;1;1;1;1;4;4;4;4;3;4;4;4;2;3;5;1;1;1;1;1;1;1;1;1;5;5;7;1;4;4;4;4;4;4;4;2;3;5;1;1;1;1;1;1;1;1;1;4;4;4;4;5;4;5;4;2;4;5;1;1;1;1;1;1;1;1;1;5;2;7;3;4;4;4;4;5;5;4;2;3;5;1;1;1;1;1;1;1;1;1;4;4;4;4;3;4;5;4;2;3;5;1;1;1;1;1;1;1;1;1;5;4;Male;Pakistan;39;EBGO;4;Yes;1;1;1;1;1;No;No;No;0;0;0;1;0;0;0;0;0;0
ZER;class;a;31;16;2;7;10;3;3;4;4;4;3;4;4;3;3;4;2;;3;;2;;4;3;3;2;4;2;4;2;3;2;3;2;;2;2;3;3;3;3;;;;3;5;5;4;3;2;2;4;3;4;4;5;5;3;2;3;4;5;5;3;3;5;3;5;4;2;4;4;3;3;3;4;2;5;4;3;4;4;5;3;1;1;4;3;2;1;8;3;3;3;4;2;1;4;3;4;4;5;4;4;4;4;5;5;3;1;7;4;2;3;2;3;4;1;5;4;3;2;;3;4;4;4;5;4;2;1;3;N/a;;;N/a;;;;;;;;;;;;;;;;;;;;
ZU95;class;b;24;16;7;7;10;4;3;3;4;5;4;3;3;4;5;5;1;1;1;2;1;1;1;1;7;4;3;2;4;3;4;5;4;4;4;5;5;4;4;4;5;4;5;3;4;7;7;4;3;2;2;3;2;3;3;3;3;4;1;1;1;1;1;1;1;1;1;7;4;3;3;2;2;3;2;2;3;3;1;1;1;1;1;1;1;1;2;1;2;1;8;4;4;4;4;4;4;4;4;5;4;4;3;5;4;4;4;4;5;4;7;4;4;3;3;4;3;3;3;5;5;4;4;1;1;1;1;1;1;1;1;5;N/a;;;N/a;;;;;;;;;;;;;;;;;;;;
OR60;online;a;11;17;3;10;10;3;4;4;5;5;5;4;5;5;5;3;1;1;3;1;3;3;2;3;10;4;3;3;3;3;3;3;3;3;2;1;1;1;1;1;1;1;1;1;3;5;7;1;4;4;4;5;5;5;5;5;5;5;1;1;1;1;1;1;1;1;1;10;3;2;2;2;2;2;2;2;2;2;3;1;1;1;1;1;1;1;1;2;10;7;3;4;4;5;5;5;5;5;5;5;5;2;1;1;1;1;1;1;1;3;10;3;2;2;2;2;2;2;2;2;2;4;2;1;1;1;1;1;1;1;2;3;Female;Netherlands;37;Other;;No, I don't know the course.;No;No;Uncertain;No;No;No;N/a;No;No;No;No;No;No;No;Uncertain;Uncertain;Uncertain;Uncertain
MA79;online;a;14;17;2;6;4;3;2;2;3;5;5;4;4;4;3;2;1;2;1;1;1;1;1;1;1;3;3;2;4;4;4;4;4;4;3;2;1;1;1;1;1;1;1;1;4;5;5;4;3;3;3;3;4;4;4;4;4;3;2;1;1;1;1;1;1;1;1;1;3;3;3;4;4;4;4;4;4;4;4;4;4;4;4;4;4;4;4;4;2;1;3;3;3;3;4;4;4;4;4;4;4;4;4;4;4;4;4;3;4;3;2;2;3;2;4;4;4;4;4;4;4;4;4;4;4;4;4;4;4;4;3;4;Male;Ghana;33;EBGO;4;Yes, I know the course and I did not pass or partake.;Yes;Yes;Yes;Yes;Yes;Yes;Yes;Yes;No;No;Yes;Yes;No;Yes;Yes;Yes;Yes;No
AM70;online;a;15;17;3;6;10;4;4;4;3;3;5;3;4;4;4;1;1;1;1;1;1;1;1;3;5;4;4;4;4;4;4;4;4;4;4;1;1;1;1;1;1;1;1;1;3;5;7;1;4;4;4;4;4;5;4;4;4;4;1;1;1;1;1;1;1;1;3;0;4;4;4;4;4;4;4;4;4;4;1;1;1;1;1;1;1;1;1;3;2;7;3;4;4;4;4;4;4;4;4;5;4;1;1;1;1;1;1;1;1;3;10;4;4;4;4;4;4;4;4;4;4;1;1;1;1;1;1;1;1;1;5;4;Female;Kyrgyzstan;35;Business & Economics;;No, I don't know the course.;No;Uncertain;Yes;Yes;No;Yes;No;No;No;No;No;Yes;Uncertain;Yes;Yes;Yes;Yes;No
XU67;online;a;18;17;3;6;4;3;3;3;2;2;2;2;1;2;2;1;1;1;1;1;1;1;1;1;5;2;2;2;2;2;2;2;1;2;2;1;1;1;1;1;1;1;1;1;4;5;3;4;2;2;1;1;2;2;2;1;2;2;1;1;1;1;1;1;1;1;1;3;2;2;1;1;1;1;1;1;1;1;1;1;1;1;1;1;1;1;1;3;2;6;3;2;2;2;2;2;2;2;1;2;2;1;1;1;1;1;1;1;1;1;3;2;2;2;2;2;2;2;1;1;2;1;1;1;1;1;1;1;1;1;2;4;Female;China;28;Business & Economics;4;No, I don't know the course.;No;No;Yes;Yes;No;No;Yes;Yes;No;No;Yes;Yes;No;No;Yes;Yes;No;Yes
Ya70;online;a;19;17;3;6;10;3;5;3;5;5;5;3;5;5;5;2;1;1;1;1;1;1;2;3;5;5;5;4;5;5;4;4;4;4;5;2;1;1;1;1;1;3;3;3;5;5;7;4;5;5;5;5;5;5;5;5;5;5;2;1;1;1;1;1;2;3;3;8;5;5;5;5;5;5;5;5;5;5;1;1;1;1;1;1;1;1;2;5;2;7;7;5;5;5;5;5;4;4;4;4;4;1;1;1;1;1;1;1;3;3;8;;;;;;;;;;;;;;;;;;;;;4;Female;Germany;25;Other;3;Yes, I know the course and I did not pass or partake.;Yes;Uncertain;Uncertain;No;No;No;No;No;;;;;;;;;;
TA55;online;a;20;17;2;6;0;5;5;3;5;5;5;5;5;5;4;2;2;1;1;3;2;2;1;2;0;5;5;5;3;3;3;3;5;3;3;3;1;1;1;1;1;1;1;1;5;5;7;1;5;5;5;5;5;5;5;5;5;4;2;2;2;2;2;2;;1;1;0;3;3;3;3;3;3;1;3;1;3;1;3;1;1;1;1;1;3;3;3;2;7;3;5;5;5;5;5;5;5;5;5;3;2;2;2;2;2;2;2;1;1;0;1;1;1;1;1;1;1;1;1;1;5;1;1;3;3;1;1;3;3;3;1;Female;Kyrgyzstan;34;Business & Economics;4;No, I don't know the course.;No;No;Yes;No;No;No;No;Yes;No;No;Yes;Yes;No;Yes;Yes;No;No;No
ra58;online;a;21;17;3;6;10;4;5;5;5;2;4;2;2;3;4;4;5;5;4;5;1;1;3;3;10;5;4;3;3;4;4;4;3;4;3;3;4;3;2;2;1;1;2;2;5;5;7;1;4;5;4;4;4;4;3;3;4;4;4;5;5;4;5;1;1;2;2;10;5;5;1;4;5;5;5;3;3;5;1;1;1;1;1;1;1;1;1;5;2;7;3;5;5;4;4;4;4;3;3;3;4;3;3;3;3;3;1;1;1;2;10;5;5;1;3;4;4;3;4;4;4;1;1;1;1;1;1;1;1;1;5;3;Female;Kyrgyzstan;30;Other;4;Yes, I know the course and I did not pass or partake.;Uncertain;Yes;Yes;Yes;Uncertain;Yes;Yes;Yes;Uncertain;Uncertain;Yes;Yes;Yes;Yes;Yes;Yes;Yes;Yes
CA42;online;a;22;17;3;6;10;4;5;4;4;4;5;4;4;4;4;2;2;1;1;3;1;1;1;1;9;5;5;5;4;4;4;4;4;5;5;1;1;1;1;1;1;1;1;1;5;5;7;1;5;4;5;4;4;4;4;3;4;4;2;1;1;1;1;1;1;1;1;9;5;5;5;5;5;5;5;5;5;5;1;1;1;1;1;1;1;1;1;5;2;7;3;5;5;5;5;5;5;5;5;5;5;1;1;1;1;1;1;1;1;1;9;5;5;5;5;5;5;5;5;5;5;1;1;1;1;1;1;1;1;1;5;3;Female;Zimbabwe;49;Other;3;;Yes;No;No;Uncertain;No;Yes;No;No;No;No;No;No;No;;No;No;No;No
JM70;online;a;25;17;3;6;10;3;3;3;2;4;4;3;3;4;2;3;2;2;3;2;4;3;2;4;5;3;2;3;3;4;2;2;2;3;2;2;1;1;2;2;4;3;3;4;4;5;10;7;3;2;2;3;4;2;2;2;3;1;2;1;1;1;1;3;3;3;3;6;2;1;2;2;2;2;2;1;2;1;2;1;1;1;1;1;1;2;1;4;2;7;3;2;1;2;2;4;3;3;2;2;1;3;1;1;1;1;3;2;2;4;7;2;2;2;3;4;3;3;2;3;1;1;1;1;1;1;3;2;3;4;4;4;Female;Zimbabwe;23;Other;2;No, I don't know the course.;Yes;No;Yes;No;No;Yes;No;No;No;No;No;No;No;No;No;No;No;No
AZ69;online;b;11;17;3;6;10;1;2;2;2;1;1;1;3;2;2;4;4;4;5;4;1;1;4;3;3;2;2;3;4;2;1;1;3;4;4;3;2;2;2;1;1;1;1;2;5;2;7;3;1;1;3;2;1;1;1;3;2;3;4;4;4;4;4;1;1;5;4;3;2;2;3;3;1;1;1;3;4;4;2;1;2;2;1;1;1;1;2;4;5;7;1;1;1;2;1;1;1;1;2;1;3;4;3;4;4;5;1;1;5;4;2;1;1;2;3;1;1;1;1;2;3;1;1;2;3;2;1;1;3;2;5;3;Female;South Africa;21;Business & Economics;4;No, I don't know the course.;Yes;Uncertain;Yes;Yes;No;Yes;No;No;No;No;Yes;Yes;Yes;Yes;Yes;No;No;No
LY62;online;b;13;17;2;6;4;4;4;4;5;5;5;4;5;4;5;3;1;2;2;2;1;1;4;2;3;4;5;4;3;3;4;3;3;3;4;1;1;1;1;1;1;1;1;1;4;2;7;3;4;4;5;4;4;4;5;5;4;5;2;1;1;1;1;1;1;3;1;3;4;4;4;4;4;4;4;4;4;4;1;1;1;1;1;1;1;1;1;5;5;7;1;4;4;4;4;4;4;4;4;4;4;1;1;1;1;1;1;1;1;1;3;4;4;4;4;4;4;4;4;1;4;4;1;1;1;1;1;1;1;1;5;3;Male;South Africa;28;Other;5;No, I don't know the course.;Yes;Uncertain;Yes;Yes;Uncertain;Yes;Yes;Yes;Yes;Uncertain;Uncertain;Yes;Uncertain;Yes;Yes;Yes;No;No
GA52;online;b;14;17;3;6;10;3;4;;3;3;;;;;3;3;;;3;5;3;;;2;10;5;;4;;;;;;3;;;;;;1;;;;;5;2;7;3;;5;1;3;;1;1;;1;3;;1;1;3;5;1;1;;1;10;4;1;4;1;2;1;1;1;2;3;1;1;1;1;1;1;1;1;1;5;5;7;1;1;4;1;1;1;;1;1;1;3;1;1;1;1;5;;1;1;1;10;4;1;4;1;1;1;1;1;2;1;1;1;1;1;1;1;1;1;1;5;3;Female;Switzerland;22;N/A;;No, I don't know the course.;No;No;Yes;Uncertain;No;;No;;No;No;No;Yes;No;No;Yes;No;No;No
MA28;online;b;17;17;3;6;10;5;5;5;2;3;5;3;3;3;2;4;1;1;3;3;1;1;3;3;10;5;5;5;3;3;5;3;1;3;2;1;1;1;1;1;1;1;1;1;5;2;7;3;5;5;5;3;3;5;2;1;2;1;3;1;1;2;3;1;1;3;3;10;5;5;5;3;3;5;2;1;1;2;3;1;1;2;3;1;1;3;3;5;5;7;1;5;5;5;2;2;5;2;1;2;2;3;1;1;2;2;1;1;3;3;10;5;5;5;2;2;5;2;1;2;2;3;1;1;3;3;1;1;3;3;5;3;Female;Portugal;57;N/A;1;;Yes;No;No;No;No;No;No;No;No;No;No;No;No;No;No;No;No;No
FR61;online;b;18;17;3;6;10;4;4;1;3;2;4;4;2;5;2;4;3;4;5;5;2;2;2;4;5;5;4;1;2;1;4;1;1;5;3;1;1;1;1;1;1;1;1;1;3;2;7;3;5;4;2;2;2;4;4;2;5;2;4;2;4;4;4;1;1;1;4;3;5;4;1;1;1;3;1;1;4;1;1;1;1;1;1;1;1;1;1;3;5;7;1;5;4;2;2;2;4;2;2;5;2;4;1;4;5;5;1;1;1;4;1;4;4;1;1;1;2;1;1;3;1;1;1;1;1;1;1;1;1;1;2;4;Male;Germany;29;EBGO;5;Yes, I know the course and I did not pass or partake.;No;No;Yes;No;No;No;No;No;No;No;Yes;Yes;Yes;Yes;Yes;No;Uncertain;No
GA60;online;b;19;17;3;6;10;4;3;3;3;3;4;2;2;5;3;2;1;1;1;2;2;2;3;2;10;4;4;3;4;4;5;4;3;5;3;1;1;1;1;1;2;2;2;2;3;2;7;3;3;3;3;4;4;4;3;2;5;3;2;1;1;1;2;2;2;2;2;10;4;4;3;4;4;5;4;3;5;3;1;1;1;1;2;1;1;1;1;3;5;7;1;4;3;3;3;3;4;2;1;4;1;1;1;1;1;1;1;2;2;1;0;3;3;3;4;4;5;3;1;5;1;1;1;1;1;1;1;1;2;1;3;4;Male;Germany;26;EBGO;3;No, I don't know the course.;Yes;Yes;Yes;Yes;Yes;Yes;No;No;No;No;Uncertain;Yes;Yes;Yes;Yes;Yes;Yes;Yes
